0.074 0.001
1.000 0.146
1.004 0.147
1.009 0.148
1.013 0.149
1.017 0.150
1.021 0.151
1.025 0.152
1.029 0.153
1.033 0.154
1.037 0.156
1.041 0.157
1.045 0.158
1.049 0.159
1.053 0.160
1.057 0.161
1.061 0.162
1.065 0.163
1.069 0.164
1.073 0.166
1.077 0.167
1.081 0.168
1.085 0.169
1.089 0.170
1.093 0.171
1.097 0.172
2.001 0.467
2.004 0.468
2.007 0.469
2.010 0.470
2.013 0.471
2.016 0.472
2.019 0.473
2.022 0.474
2.025 0.475
2.028 0.476
2.031 0.477
2.034 0.478
2.037 0.479
2.040 0.480
2.044 0.481
2.048 0.483
2.052 0.484
2.056 0.485
2.060 0.487
2.064 0.488
2.068 0.489
2.072 0.491
2.076 0.492
2.080 0.493
2.084 0.495
2.088 0.496
2.092 0.497
2.096 0.499
2.100 0.500
3.001 0.757
3.006 0.758
3.011 0.759
3.016 0.761
3.021 0.762
3.026 0.763
3.031 0.764
3.036 0.765
3.041 0.766
3.046 0.767
3.051 0.768
3.056 0.769
3.061 0.771
3.066 0.772
3.071 0.773
3.076 0.774
3.081 0.775
3.086 0.776
3.091 0.777
3.096 0.778
4.001 0.919
4.011 0.920
4.021 0.921
4.032 0.922
4.043 0.923
4.054 0.924
4.065 0.925
4.076 0.926
4.087 0.927
4.098 0.928
5.000 0.980
5.034 0.981
5.069 0.982
6.000 0.996
